318 14 1
1.684 0.952 1.045 0.232 1.539 1.826 0.744 0.914 -1.078 0.220 -0.467 0.662 -1.695 0.896 1
1.051 1.116 -0.589 2.027 -0.039 0.973 1.145 -0.812 -0.965 0.068 2.796 -0.308 -0.914 0.928 1
1.262 -0.009 1.226 0.778 1.539 0.119 -0.173 0.976 1.288 0.828 -0.247 2.021 -1.769 0.228 1
1.016 -1.406 0.924 0.778 0.848 -0.279 -1.188 1.099 1.175 0.752 0.150 1.212 -1.100 0.515 1
1.564 -0.198 1.284 1.849 -0.634 -0.805 -0.235 1.341 0.372 1.452 1.078 -0.774 -1.794 2.046 1
1.267 -0.910 1.335 -0.006 1.499 1.961 -0.648 1.341 -1.055 0.363 -0.892 0.542 -0.554 1.961 1
1.341 0.192 0.157 0.697 -0.726 -0.918 0.347 0.383 0.461 0.091 0.695 -0.801 -2.008 0.336 1
1.193 0.270 1.899 0.186 1.221 1.001 0.406 2.033 -0.342 -0.658 -0.673 0.515 0.600 2.388 1
0.933 -1.045 0.977 1.401 1.221 1.058 -0.751 0.862 -0.164 1.044 1.516 0.515 -0.084 1.961 1
1.119 -1.102 1.335 1.145 0.108 0.267 -1.393 1.447 -0.253 1.248 0.312 -0.479 -0.469 2.131 1
1.230 1.611 1.438 1.209 0.015 0.211 1.461 1.128 -0.342 1.316 0.257 -0.882 -0.426 2.046 1
0.377 -0.941 0.618 -0.262 -0.726 0.550 -1.201 0.543 -1.323 -0.113 -0.618 -1.204 0.258 1.234 1
0.637 -0.468 -0.099 0.697 0.015 -1.031 -0.302 -0.149 1.263 0.840 0.257 0.139 -2.093 -0.818 1
-0.253 -0.405 0.106 -0.326 -1.931 0.662 -0.648 0.277 -2.304 -0.318 0.476 -2.332 1.540 2.302 1
0.414 -0.556 0.055 1.017 -0.355 0.098 -0.478 0.490 -0.431 0.431 1.078 -0.291 0.172 1.106 1
0.080 -1.783 -0.714 0.314 -1.561 -0.862 -1.702 -0.681 -0.431 0.159 -0.016 -1.580 -1.666 -0.647 1
0.340 -1.383 0.413 -0.582 1.406 0.380 -1.393 0.490 0.550 -0.182 -1.330 1.858 -0.426 -0.476 1
0.377 1.591 0.669 -1.286 1.499 0.211 1.379 0.596 0.728 -0.590 -2.315 1.831 -0.982 -0.519 1
0.414 0.530 -0.509 0.442 0.850 1.283 0.568 -0.628 -0.609 0.023 1.133 0.703 -0.511 -0.006 1
0.043 -0.421 0.260 0.633 -0.819 -0.749 -0.390 0.117 0.282 0.091 1.352 -0.962 0.044 0.593 1
0.080 1.196 0.208 -1.542 1.128 1.227 1.431 0.170 -0.609 -2.360 -0.947 0.837 0.087 0.080 0
-0.142 2.557 -0.355 -0.390 -0.170 -0.184 2.655 -0.149 -0.074 0.023 -0.782 -0.318 0.258 -0.433 0
-0.402 -0.390 -0.304 -0.262 1.128 0.041 -0.486 -0.415 0.996 -0.930 0.640 1.885 0.130 -0.690 0
-0.253 -0.156 -1.072 -0.966 -0.077 1.905 0.082 -0.947 -2.215 -0.182 -1.165 -0.479 0.130 -0.519 0
-0.031 -0.088 0.464 1.209 1.128 -0.184 -0.036 0.170 1.174 2.133 0.148 0.891 -0.084 -0.561 0
0.303 0.411 -0.048 1.721 0.294 -0.128 0.576 -0.096 0.550 1.316 2.063 0.273 0.685 0.550 0
-0.698 0.499 0.567 -1.158 0.386 0.606 0.303 0.330 -0.431 -1.543 -0.618 -0.076 2.053 0.422 0
-0.513 -0.094 -0.458 -1.350 -0.263 0.098 -0.353 -0.255 -0.431 -1.339 -0.454 0.139 0.130 -0.048 0
-1.143 1.149 -0.919 -1.030 0.015 -0.015 1.210 -0.894 0.104 -1.271 0.367 0.757 1.198 -1.032 0
-1.477 -0.930 -1.533 -0.070 -0.448 -1.483 -0.869 -1.532 1.709 -0.454 0.859 0.434 0.771 -2.784 0
-2.145 0.967 -1.482 -0.390 -1.746 -2.443 0.944 -1.745 1.799 0.431 -0.564 -0.909 0.728 -3.810 0
-1.848 -0.301 -2.455 -0.774 -1.561 -0.580 -0.493 -2.384 -0.788 0.567 -0.673 -0.855 0.942 -3.040 0
-0.995 -0.811 -0.970 -0.454 -0.170 -1.031 -0.685 -0.841 1.174 -0.726 0.148 0.649 0.215 -1.758 0
-1.811 1.008 -0.867 -1.670 -0.726 -1.144 0.701 -1.000 0.639 -0.862 -1.330 -0.022 1.155 -2.015 0
2.158 2.153 1.673 1.866 0.476 0.198 1.486 1.297 -0.137 2.753 -1.577 0.022 -2.535 0.635 1
1.061 0.180 0.542 -0.284 0.573 0.133 0.413 0.674 0.274 -0.683 -0.693 0.747 -1.806 0.270 1
1.369 0.185 0.966 0.944 0.476 -0.060 0.108 0.605 0.581 0.335 0.898 0.072 -1.343 0.569 1
1.129 0.623 0.471 1.175 -0.599 -0.318 0.591 0.882 -0.137 0.335 0.603 -0.652 -1.078 1.099 1
1.095 -0.399 0.188 0.714 -0.795 -0.125 0.223 0.397 -0.650 -0.047 0.898 -1.002 -1.210 0.933 1
0.615 -1.440 0.471 0.714 1.551 1.680 0.124 0.189 -0.444 -0.428 1.546 0.972 0.082 0.867 1
0.718 -0.632 0.401 -0.975 1.355 1.744 0.338 0.051 -1.162 -0.874 -1.460 0.422 -0.879 -0.160 1
-0.174 1.481 0.613 -1.512 -1.968 -1.349 0.964 0.951 -0.342 -1.192 -1.106 -1.676 -0.117 0.834 1
0.889 -0.956 1.319 0.944 1.258 0.391 0.356 1.574 0.581 1.353 -0.635 1.496 -0.283 0.635 1
0.684 -0.628 0.118 -0.591 -1.186 -0.640 0.126 0.605 -0.650 -0.238 -1.577 -1.351 -0.680 0.039 1
0.478 -0.751 1.461 0.944 -0.697 -1.285 -0.001 1.435 0.889 0.908 -0.399 -0.927 -0.283 0.602 1
0.752 -0.413 1.178 0.714 0.182 1.680 1.042 1.159 -1.778 0.526 0.426 -0.127 0.347 1.960 1
0.821 -0.550 0.401 1.251 0.964 0.907 0.351 0.120 -0.137 1.353 0.780 0.772 -0.581 0.237 1
0.032 0.413 -0.589 0.868 -0.209 -0.511 0.612 -0.711 0.479 0.272 0.721 0.222 -0.316 -0.425 0
-0.448 0.171 0.330 -0.591 -2.261 -0.447 0.912 0.397 -1.778 -1.256 -0.104 -2.725 1.373 1.065 0
0.272 1.148 -0.024 0.484 1.160 0.584 1.024 -0.226 0.376 0.081 0.191 0.897 -0.150 -0.425 0
0.444 0.432 0.259 -0.131 1.649 1.035 0.729 0.812 0.171 0.144 -0.399 1.596 0.214 0.436 0
-0.105 -0.824 -1.579 0.023 -0.013 1.164 0.223 -1.403 -1.470 1.099 -0.045 0.272 -0.316 -0.690 0
0.101 0.158 0.188 -0.361 0.378 1.809 0.207 0.535 -2.086 1.226 -2.049 -0.302 0.810 0.569 0
-0.688 -0.545 0.401 -0.591 -0.111 -0.253 0.181 0.120 0.068 0.272 -0.576 -0.377 0.413 -0.160 0
-0.139 1.413 0.754 0.637 0.867 -0.253 0.987 0.258 1.299 -0.174 1.134 0.822 0.545 0.171 0
-0.894 1.180 -0.377 -1.666 0.085 0.584 0.797 -0.157 -0.752 -1.256 -0.340 0.122 1.506 0.072 0
-1.511 -2.079 -1.720 -1.052 0.182 -0.318 -2.224 -1.749 0.684 -1.638 0.721 1.047 0.877 -1.352 0
0.540 -0.826 0.645 0.073 0.411 1.548 -0.825 0.825 -1.925 0.953 -1.399 -0.480 0.306 0.872 1
-0.264 0.399 -0.273 0.073 -0.596 -0.963 0.783 -0.237 0.803 -0.492 0.589 -0.159 -0.257 -0.288 1
0.272 -0.933 -0.404 0.284 0.831 1.045 -0.986 -0.635 -0.675 1.555 -0.681 0.911 -0.749 -0.535 1
-0.598 -1.290 -0.995 0.636 -0.932 -0.684 -1.164 -1.033 0.121 1.013 1.086 -0.506 -0.362 -0.464 1
-0.464 -0.687 -0.667 -0.350 -0.512 0.822 -0.604 -0.370 -1.925 0.171 -0.184 -0.533 0.798 0.345 0
0.038 -0.896 -0.601 0.636 -0.008 -0.573 -1.047 -1.166 1.144 0.171 1.086 0.376 -0.925 -1.062 0
-0.163 1.494 -0.011 -0.913 0.076 0.822 1.299 -0.370 -1.243 -0.913 -0.184 -0.266 0.376 -0.042 0
-0.163 1.364 0.186 0.143 0.160 -0.684 1.238 -0.370 1.258 -0.191 -0.074 0.055 -0.292 -0.816 0
-0.063 0.102 -0.864 -0.209 -0.176 0.711 0.167 -0.502 -1.129 -1.154 1.141 -0.185 0.869 0.309 0
-0.264 -0.492 -0.339 0.214 -0.512 -0.629 -0.526 -0.303 0.349 0.351 0.092 0.135 0.130 -0.359 0
-0.330 -1.629 -1.060 -1.124 0.244 -0.238 -1.513 -0.768 0.462 -0.251 -1.344 0.884 -0.608 -1.449 0
-0.063 1.499 0.317 0.636 0.831 0.376 1.343 0.228 0.349 0.050 0.755 0.563 0.798 0.345 0
-0.431 0.728 0.448 -1.617 0.663 0.655 0.971 0.494 -0.333 -1.334 -1.067 0.670 1.115 0.169 0
-1.201 1.810 -0.142 -0.279 0.076 -1.298 1.837 -0.303 2.622 -0.612 0.699 0.697 1.185 -0.781 0
-1.570 -0.631 -1.257 -1.194 -1.100 -1.131 -0.437 -1.233 0.235 -0.070 -1.620 -1.282 1.080 -1.836 0
-2.139 -1.527 -1.388 -0.279 -1.688 -1.187 -1.607 -1.299 -0.106 0.231 0.589 -1.763 2.486 -1.027 0
-1.670 0.227 -0.667 -2.532 -0.260 -1.242 0.334 -0.502 1.599 -2.718 -1.344 -0.078 1.572 -1.554 0
-1.938 -0.232 -2.241 -0.983 -2.276 -1.800 -0.371 -2.029 0.121 -0.672 -0.405 -1.950 1.115 -2.012 0
1.091 -0.005 1.757 0.282 -0.767 -0.564 -0.050 1.909 -0.405 1.199 -0.668 -0.769 -0.871 2.548 1
1.335 -0.005 1.048 0.190 0.566 1.437 0.129 1.062 -1.073 -0.524 0.337 0.095 -1.034 2.101 1
1.894 1.362 2.821 -0.270 3.232 2.053 1.141 2.644 0.932 -1.419 -1.220 2.584 -0.423 2.019 1
0.672 -0.750 -0.193 0.374 -0.234 -0.257 -0.677 -0.237 -0.071 0.441 -0.216 -0.010 -1.889 -0.423 1
1.475 1.597 0.812 1.848 1.632 0.051 1.471 0.667 2.045 0.234 0.939 2.008 -1.604 0.269 1
0.078 0.406 1.521 -0.731 0.210 0.513 0.197 1.571 -0.627 -0.179 -1.220 -0.193 1.327 1.693 1
0.357 -0.539 -0.607 1.203 -2.012 -1.488 -0.643 -0.407 -0.627 0.923 0.588 -2.368 -0.871 0.228 1
0.322 -0.697 0.221 -0.362 -0.412 0.282 -0.746 0.045 -0.961 -0.799 0.186 -1.110 -0.220 0.269 1
0.881 2.025 1.166 -0.546 1.544 1.206 2.463 0.949 0.041 -0.455 -1.371 1.065 -0.179 0.269 1
0.288 -0.404 -0.429 1.387 -1.301 -0.795 -0.340 -0.576 -0.182 -0.524 2.647 -1.346 -0.586 0.920 1
1.126 -0.850 0.339 0.835 -0.145 -0.795 -0.925 0.441 0.820 1.612 -0.568 -0.010 -1.970 -0.179 1
0.637 -0.750 0.102 0.282 -0.234 1.437 -0.691 0.554 -1.852 -0.868 1.090 -0.874 0.961 1.897 1
0.881 -1.366 -0.843 0.743 0.033 0.744 -1.503 -0.746 -0.850 0.579 0.487 -0.088 -1.523 -0.301 1
0.392 -0.199 0.871 1.572 0.833 0.359 0.067 0.780 0.709 0.234 1.642 0.803 0.879 1.449 1
0.183 -1.132 -0.075 0.098 -0.145 -0.411 -0.691 -0.294 0.375 0.579 -0.316 -0.036 -0.830 -0.668 1
0.078 -0.586 0.575 -1.836 0.388 0.359 -0.498 0.836 -0.293 -1.626 -1.170 -0.036 0.513 0.472 1
0.322 -0.210 0.221 0.374 1.010 0.744 0.011 0.215 0.375 -0.041 0.337 1.169 -0.057 0.106 1
-0.097 0.887 0.339 0.374 -0.678 -0.872 0.562 0.441 0.264 -1.006 0.839 -0.822 0.554 0.635 1
-0.376 -0.750 -0.548 -0.086 -0.145 0.513 -0.718 -0.746 -0.739 0.510 0.085 -0.114 -0.464 -0.505 0
0.008 0.370 -0.784 1.111 -1.034 0.513 0.397 -0.407 -1.852 2.095 0.186 -0.848 0.472 0.472 0
-0.306 1.685 -0.252 0.467 -0.234 -0.949 1.898 -0.463 1.154 -0.248 0.588 -0.062 -0.220 -0.749 0
-0.655 -0.228 -0.666 0.835 -0.056 -0.411 -0.181 -0.689 0.598 -0.386 1.090 -0.350 0.757 -0.627 0
-0.900 0.957 -0.429 -1.007 0.033 -0.564 1.051 -0.294 0.709 -0.110 -0.819 0.855 0.757 -0.708 0
-1.633 0.365 -1.434 0.006 0.033 0.359 0.514 -1.537 -0.405 2.370 -0.568 0.541 1.083 -1.807 0
-1.703 -1.484 -1.139 -1.007 -0.590 -0.487 -1.551 -1.537 -0.182 -0.110 -0.166 -0.796 1.042 -1.930 0
-0.970 0.323 -0.548 -1.836 0.210 -0.180 0.073 -0.633 0.264 -1.282 -0.969 0.462 0.635 -1.278 0
-1.109 0.429 -0.548 -1.007 0.299 -0.795 0.197 -0.520 1.377 -0.937 -0.216 0.934 0.920 -1.400 0
-0.865 -0.879 -0.489 -2.020 0.033 1.668 -0.870 -0.689 -1.963 1.130 -2.175 0.200 0.228 -0.993 0
-1.389 -1.396 -1.257 -0.638 -0.590 -1.488 -1.517 -0.972 1.266 -0.799 0.437 -0.010 1.042 -1.726 0
-2.017 1.825 -1.552 -0.638 -1.478 -2.181 1.430 -1.367 1.154 -0.593 0.186 -0.874 1.571 -2.052 0
2.885 1.449 2.622 0.291 3.164 2.299 1.431 2.447 0.290 -0.938 -0.142 2.648 -2.015 2.823 1
1.866 -0.894 0.542 0.787 0.825 0.742 -0.901 0.636 -0.163 0.355 0.256 0.566 -2.228 0.911 1
0.593 1.526 1.662 -0.064 0.825 0.206 1.483 1.679 0.652 -0.446 0.216 0.987 0.109 2.525 1
0.520 0.105 0.596 -1.056 1.353 1.440 0.001 0.801 -0.616 -1.185 -0.658 1.555 -0.061 1.038 1
0.375 -0.094 1.769 -0.064 0.070 0.152 0.074 1.514 -0.253 -0.138 -0.460 -0.254 0.661 1.973 1
0.993 -0.082 1.236 0.078 0.146 0.581 -0.192 1.185 -0.887 0.540 -0.778 -0.191 -0.273 1.548 1
0.593 -0.660 0.169 0.362 -1.891 -0.921 -0.719 0.472 -0.978 -0.446 0.613 -2.252 -0.443 1.378 1
1.248 -2.072 0.649 1.000 -0.609 -0.814 -2.221 0.582 0.471 1.156 -0.221 -0.737 -1.463 0.358 1
0.411 0.416 0.756 0.078 0.448 0.259 0.544 0.636 0.018 -0.507 0.415 -0.043 0.279 0.953 1
-0.025 0.518 -0.738 1.992 -1.137 -1.243 0.492 -0.680 0.833 1.094 1.885 -0.990 -0.443 -0.109 1
0.229 0.339 -0.524 0.149 0.297 -0.707 0.450 -0.625 1.557 -0.446 0.256 0.882 -1.251 -1.554 1
0.047 -1.753 -1.218 0.503 -0.382 0.098 -1.579 -0.955 -0.525 0.417 0.772 0.104 -0.698 -0.491 1
0.193 -0.158 0.116 -0.844 0.146 -0.009 -0.082 0.307 -0.163 -0.692 -0.817 -0.149 -0.018 -0.109 1
0.156 -0.839 0.702 -0.915 1.127 0.528 -0.922 0.691 0.290 -1.123 -0.619 0.945 0.237 0.146 1
0.156 -0.401 -1.431 1.354 -0.156 0.152 -0.447 -1.229 -0.253 0.540 1.408 0.104 -0.826 -0.704 1
0.011 -0.617 -0.098 -0.064 -0.533 -0.277 -0.677 -0.625 -0.253 -0.384 0.335 -0.737 -0.741 -0.322 1
-0.244 0.178 0.329 -0.277 -0.760 -0.492 0.434 0.362 -0.344 -0.261 -0.261 -0.948 0.789 0.528 1
0.120 0.943 0.862 2.276 0.900 0.313 0.846 0.856 0.652 1.772 1.528 0.756 1.511 1.718 0
-0.644 -0.613 -1.164 1.354 -0.684 0.796 -0.599 -1.723 -1.792 3.127 0.415 -1.032 -0.613 -1.214 0
0.193 -0.443 -0.684 -0.277 0.448 2.031 -0.369 -0.296 -2.155 1.526 -1.135 0.672 0.109 0.103 0
-0.244 0.679 -0.524 -1.411 0.070 0.742 0.878 -0.735 -1.249 0.232 -1.891 0.062 -0.571 -1.469 0
-0.753 -1.638 -0.471 -2.474 -0.156 0.635 -1.757 -0.625 -1.430 0.540 -2.368 -0.107 -0.188 -1.469 0
-0.789 -0.656 0.116 -0.560 0.221 -0.492 -0.489 0.198 0.833 -0.076 -0.698 0.314 1.129 -0.661 0
0.047 -0.630 -0.151 0.503 0.523 0.313 -0.703 0.143 0.290 -0.877 1.329 0.440 1.171 0.783 0
-0.644 -0.141 -0.951 0.007 -0.533 -0.331 -0.077 -1.010 0.018 -1.616 1.170 -0.590 1.086 -0.449 0
-1.444 -0.026 -1.324 -0.631 -0.156 0.206 -0.082 -1.558 -0.525 0.109 -0.340 0.020 0.916 -1.894 0
-1.080 0.896 -0.684 -0.702 0.297 -1.082 0.909 -0.735 2.191 -0.938 -0.102 1.092 0.024 -2.319 0
-1.953 0.977 -0.684 -0.418 -1.061 -1.351 0.721 -0.845 0.923 -0.446 0.335 -0.990 1.639 -1.214 0
-1.371 1.653 -1.111 0.220 -1.967 -1.941 1.644 -0.790 0.833 -0.384 0.931 -1.852 1.341 -0.874 0
-1.444 2.036 -0.364 -1.198 -0.835 -1.834 1.910 -0.077 1.738 -0.507 -1.374 -0.275 0.831 -1.936 0
1.930 1.721 3.182 0.426 2.729 2.017 1.921 3.072 0.201 -0.066 -0.462 2.442 -0.973 2.824 1
2.246 -0.931 1.236 0.981 1.512 1.845 -1.227 1.349 -0.914 1.364 -0.501 0.722 -2.610 1.330 1
0.809 -1.266 1.131 1.166 0.446 0.644 -1.244 0.992 -0.449 1.144 0.598 0.124 -0.582 1.650 1
0.723 -1.484 0.079 1.228 -1.456 -0.728 -1.579 0.636 -0.821 0.814 0.834 -1.771 -0.262 1.330 1
1.327 0.465 1.131 2.523 -0.086 -0.671 0.500 1.408 1.316 -0.066 2.679 -0.599 -0.262 2.326 1
0.953 0.125 1.131 -1.734 0.446 1.159 0.112 0.873 -1.378 -1.331 -1.758 0.348 -1.009 0.583 1
0.809 0.507 0.710 -1.610 1.664 0.873 0.488 0.636 0.387 -1.276 -1.758 2.019 -1.685 -0.341 1
0.579 1.344 -0.763 -0.315 0.446 1.159 1.263 -0.612 -0.914 -0.781 0.441 0.847 -1.080 0.085 1
0.321 -0.140 -0.026 -0.068 -0.086 0.987 -0.058 0.220 -1.750 1.805 -1.365 0.099 -0.653 0.299 1
0.723 -1.117 0.289 0.734 -0.391 -0.442 -1.156 0.220 0.015 0.429 0.048 -0.973 -0.653 -0.021 1
0.522 0.377 -0.289 -0.376 -0.543 -0.728 0.541 -0.315 0.294 -0.396 -0.305 -0.699 -1.187 -0.626 1
-0.397 -0.368 -0.605 1.289 -1.532 -0.671 -0.199 -1.147 -0.728 1.750 1.344 -1.746 -0.226 -0.092 1
-0.196 0.242 0.447 0.611 -0.619 -0.557 0.212 0.398 0.201 0.374 0.598 -0.749 0.449 0.726 1
-0.168 0.028 -0.815 0.364 0.142 0.473 0.189 -0.909 -0.542 -0.396 0.441 0.224 -0.013 -0.519 1
0.091 -0.559 -0.026 -0.993 0.142 0.987 -0.152 0.160 -1.471 0.099 -1.483 0.248 0.129 -0.021 1
-0.484 -1.205 -1.341 -0.315 -0.619 0.015 -1.250 -1.028 -0.728 -0.671 0.755 -0.499 0.556 -0.306 1
-0.283 0.874 0.710 -0.500 -0.314 -0.957 0.958 0.695 1.224 -1.607 0.716 0.174 0.627 0.619 1
-0.081 1.219 0.447 -0.623 0.979 0.759 1.099 0.160 -0.263 0.869 -1.129 0.922 -0.155 -0.377 1
0.235 -2.271 -0.079 1.043 -1.304 -1.643 -2.060 -0.077 1.224 0.539 0.951 -1.397 -0.831 -0.199 0
-0.340 0.065 -0.132 -0.315 0.599 0.644 0.247 -0.493 -0.356 0.264 -0.305 0.348 0.165 -0.413 0
-0.599 -0.093 -0.710 0.796 0.066 -0.042 -0.076 -0.612 0.294 0.594 0.991 0.473 0.947 -0.235 0
-0.484 -0.693 -0.184 -0.623 0.599 -0.213 -0.692 -0.255 1.038 -1.772 0.284 0.523 0.805 -0.768 0
-0.168 1.916 0.395 -0.006 0.599 -0.213 1.915 0.279 1.131 -0.231 0.088 0.747 0.734 -0.092 0
-0.369 -1.126 -1.026 0.117 -0.619 -0.156 -1.250 -0.850 -0.542 -0.176 0.048 -0.624 0.414 -0.590 0
-0.800 0.511 -0.237 -0.438 -0.010 0.530 0.382 -0.255 -1.007 1.474 -1.051 -0.125 1.018 -0.270 0
-0.081 -0.158 -0.237 -0.376 0.599 0.015 -0.064 0.457 0.666 -1.056 0.009 0.922 1.232 -0.057 0
-1.432 1.326 -0.815 0.487 -1.075 -1.986 1.034 -0.909 2.339 0.649 0.716 -0.599 0.841 -1.444 0
-1.145 -0.196 -0.552 -0.376 0.142 -0.271 -0.428 -0.850 0.480 -0.286 0.009 0.024 1.481 -1.124 0
-2.179 0.004 -2.236 -0.993 -2.064 -1.414 -0.269 -1.919 -0.542 -0.506 -0.305 -1.721 1.694 -1.729 0
-2.064 0.884 -0.815 -2.104 -0.391 -1.414 0.841 -1.325 1.595 -1.551 -1.129 0.298 1.090 -2.547 0
1.987 1.274 1.973 -0.130 2.196 1.960 2.121 1.939 -0.407 -0.278 -1.067 1.990 -1.662 2.164 1
1.215 -0.029 1.520 -1.021 2.315 1.337 -0.342 1.518 -0.030 -0.625 -1.574 2.460 -0.936 1.323 1
0.287 1.389 0.785 -0.310 -0.267 -1.116 1.292 0.729 1.477 -1.262 0.736 0.360 -0.821 0.482 1
1.215 0.360 1.814 -0.231 1.626 2.359 0.088 1.623 -1.613 0.475 -1.123 1.161 -0.018 2.623 1
0.916 -0.995 -0.341 0.242 0.077 0.366 -0.835 -0.165 -0.633 0.475 -0.222 -0.358 -1.356 0.023 1
1.365 -0.139 1.030 0.558 1.368 1.031 0.188 1.097 -0.332 1.285 -1.123 0.996 -1.280 1.094 1
0.437 -0.780 1.177 1.031 0.250 0.009 -0.922 1.202 0.121 0.185 1.074 0.001 0.212 2.049 1
0.677 0.181 0.589 0.794 -0.009 0.315 0.238 0.519 -0.633 1.170 -0.560 -0.552 -0.744 0.902 1
0.886 -0.481 -0.341 1.268 -0.181 0.060 -0.342 0.098 -0.256 0.069 1.130 0.167 -0.553 0.596 1
0.647 0.885 0.932 -1.810 0.163 0.979 0.911 0.834 -1.311 -1.552 -1.292 -0.552 0.059 1.323 1
0.198 -0.659 0.589 -0.468 -0.611 0.315 -0.585 0.992 -1.010 -1.089 0.511 -1.104 0.900 2.088 1
0.766 -0.223 0.149 1.110 1.110 0.264 0.088 -0.007 0.497 1.054 -0.222 1.106 -0.897 -0.665 1
0.257 -1.274 0.247 0.873 0.250 0.571 -1.384 0.151 -0.558 0.243 0.961 -0.165 0.594 0.902 1
0.168 0.995 -0.194 1.899 -1.299 -0.758 0.986 -0.112 0.045 1.285 1.468 -1.629 -0.056 0.749 1
0.347 0.055 0.149 -0.705 0.852 -0.707 0.232 0.098 1.854 -1.262 -0.109 1.106 -1.280 -1.048 1
-0.042 1.048 -0.341 -0.389 1.024 1.133 1.105 -0.585 -0.633 0.127 -0.165 1.161 -0.477 -0.359 0
-0.251 1.305 0.247 -0.863 -1.213 -1.065 1.423 0.151 0.271 -0.567 -0.616 -1.795 0.212 -0.206 0
-0.581 -0.538 -0.243 -0.705 -0.439 -0.196 -0.330 -0.270 -0.332 -0.394 -0.785 -0.773 0.594 -0.512 0
0.168 -0.549 -0.586 0.873 -0.181 -0.094 -0.479 -0.585 -0.181 1.575 -0.334 -0.027 -0.783 -0.704 0
0.228 -1.899 -0.096 1.899 -0.869 -1.269 -2.145 -0.165 1.326 0.417 2.257 -0.662 -0.247 -0.206 0
-0.222 -1.694 0.198 -0.863 -0.611 -1.065 -1.895 0.308 0.799 -1.204 -0.447 -0.635 0.517 -0.589 0
-0.521 -0.664 -1.957 0.163 -0.869 0.724 -0.479 -1.900 -1.839 2.212 -1.236 -0.524 -0.668 -1.965 0
-0.641 -0.544 -0.684 0.400 -0.353 0.315 -0.554 -1.006 -0.633 0.243 1.356 -0.137 0.250 -0.168 0
-1.030 1.132 -0.831 -0.468 -0.525 -0.094 1.130 -0.848 -0.332 -0.452 0.623 -0.275 0.900 -0.321 0
-0.431 0.759 -0.292 1.504 -1.127 -1.525 0.762 0.414 1.326 0.417 1.187 -0.911 1.320 -0.092 0
-1.329 -0.108 -0.096 -0.705 -0.525 -0.809 -0.355 -0.533 0.497 0.475 -1.292 -1.021 0.785 -1.430 0
-1.479 0.165 -1.125 -0.231 -0.783 0.162 0.388 -1.111 -0.934 0.706 -0.109 -0.690 1.779 -0.933 0
-2.197 0.911 -1.810 -1.573 -1.127 -1.985 0.749 -2.110 2.457 -1.262 0.060 0.609 -0.324 -3.762 0
-1.748 -1.395 -1.272 -1.257 -0.095 -0.503 -1.321 -1.374 0.573 -0.973 -0.165 0.526 1.626 -2.233 0
-1.389 0.386 -1.370 -0.863 -0.439 -0.554 0.269 -0.901 0.422 -1.494 1.074 0.167 2.353 -1.124 0
1.604 0.416 1.705 0.208 2.045 1.559 0.253 1.479 -0.385 1.299 -1.252 1.006 -1.466 1.304 1
1.254 0.595 0.894 1.204 -0.196 -0.505 0.589 1.233 0.538 1.099 0.013 -0.576 -0.919 1.270 1
1.400 0.724 1.180 -0.257 1.392 1.688 0.589 1.282 -1.192 -1.037 -0.217 1.194 -0.578 1.919 1
1.312 -0.742 -0.538 1.138 -0.850 -1.150 -0.904 -0.296 1.000 1.032 0.089 -0.629 -2.320 -0.712 1
0.991 0.961 1.419 0.872 -0.663 -1.150 1.020 1.479 1.346 -0.369 0.473 -0.549 -0.167 1.407 1
1.137 -1.127 2.516 -1.585 1.205 0.075 -1.110 2.416 0.654 -1.304 -1.903 0.122 -0.236 1.475 1
0.699 0.428 0.130 1.138 0.364 1.172 0.469 0.345 -1.308 0.498 1.009 0.282 0.174 1.612 1
0.816 1.000 0.751 0.540 0.551 0.140 1.045 0.444 0.192 1.232 -0.370 0.202 -1.466 0.211 1
0.524 -1.641 -0.347 1.403 0.271 0.527 -1.806 -0.592 -0.385 0.832 1.239 -0.254 -0.646 -0.063 1
0.611 0.055 1.180 -0.854 1.111 1.494 0.078 1.134 -1.423 -0.770 -0.677 0.336 0.516 1.304 1
0.816 -1.540 -1.444 1.204 0.738 0.075 -1.440 -1.134 1.000 0.498 1.047 1.891 -1.979 -1.361 1
0.261 0.790 0.846 0.009 -1.971 -1.731 0.684 0.838 0.538 -0.436 0.166 -2.426 -0.031 0.860 1
0.348 -0.902 -0.156 0.341 -0.383 -0.054 -0.704 0.197 -0.269 -0.303 0.703 -0.066 -0.373 0.758 1
-0.236 -0.925 0.608 -1.651 -0.103 -0.441 -0.869 0.690 0.192 -1.304 -1.290 0.041 0.345 -0.097 1
0.115 -0.241 0.226 -0.124 0.738 0.527 0.178 -0.148 -0.038 0.899 -0.294 0.470 -0.714 -0.268 1
0.232 -0.727 -0.967 0.009 0.084 1.623 -0.624 -0.937 -2.577 1.633 -0.945 0.363 -0.817 -0.917 1
0.553 1.373 -0.728 0.540 0.458 1.365 1.516 -0.296 -1.538 0.632 0.894 0.872 -0.167 0.689 0
0.056 0.237 0.655 -0.987 1.859 0.785 0.278 0.641 0.654 0.365 -1.443 2.240 0.003 -0.268 0
-0.294 -1.384 0.178 -0.522 -0.756 0.204 -1.405 0.000 -1.423 -0.036 -0.102 -1.112 0.824 0.450 0
-0.557 1.614 -0.204 0.341 -0.383 -0.634 1.551 -0.247 0.769 -0.169 0.626 0.014 0.550 -0.199 0
-0.498 -0.672 -0.299 -0.190 -0.290 0.269 -0.669 -0.197 -0.731 -0.770 0.434 -0.549 1.165 0.177 0
-0.907 -0.431 -1.063 0.540 -0.570 -0.118 -0.263 -1.134 -0.500 0.365 0.779 -0.307 0.448 -0.746 0
-1.053 0.300 -0.919 0.739 -1.130 -0.441 0.188 -1.331 -0.154 -0.836 2.044 -1.192 1.131 -0.165 0
-0.790 0.094 -0.824 1.204 -2.064 -1.731 0.018 -0.444 0.654 1.299 0.856 -1.943 0.721 -0.199 0
-1.170 1.913 0.178 -2.714 1.205 0.720 1.706 0.049 -0.154 -1.971 -2.248 1.489 1.234 -0.849 0
-1.141 -0.202 -1.158 0.341 -0.570 -0.892 -0.458 -1.183 1.115 0.165 0.779 -0.200 0.277 -1.293 0
-1.433 -0.964 -0.824 -0.190 -0.663 -0.763 -1.160 -0.888 0.538 0.165 0.128 -0.522 1.507 -1.122 0
-0.995 -0.206 -0.681 -0.655 -0.383 -0.634 0.003 -0.789 0.308 0.565 -1.022 -0.334 0.311 -1.601 0
-2.163 1.921 -1.253 -1.386 -0.756 -1.408 2.002 -1.529 1.692 -1.437 -0.141 -0.200 1.131 -2.284 0
-1.491 -0.715 -1.063 -0.655 -0.290 -0.570 -0.759 -1.085 0.885 -1.837 0.626 0.336 1.541 -1.293 0
1.834 -0.817 2.484 -1.161 1.409 1.164 -0.577 2.427 -0.559 -1.674 -1.332 0.151 -0.526 2.231 1
2.006 0.794 1.363 1.006 -0.547 -1.139 0.756 2.063 0.611 0.478 -0.402 -1.270 -1.199 2.097 1
1.462 1.148 1.542 -0.542 2.170 1.717 1.230 1.517 -0.299 1.644 -2.056 1.644 -1.501 0.753 1
1.089 1.444 0.824 1.006 0.757 0.703 1.614 0.652 0.221 -1.943 1.459 0.151 -0.190 1.526 1
1.376 -0.541 1.318 0.928 1.409 1.072 -0.689 1.016 0.481 0.030 0.701 0.879 -0.661 1.694 1
0.888 -1.642 -1.105 1.547 -0.656 -0.218 -1.582 -0.940 -0.039 0.478 1.424 -0.614 -1.904 -0.390 1
0.344 -1.099 0.824 -0.464 -1.634 0.703 -1.198 0.698 -3.030 1.016 -0.402 -2.508 0.213 1.694 1
0.258 -1.487 0.061 1.547 -1.090 -1.324 -1.361 0.061 0.871 0.389 1.390 -1.051 0.011 0.719 1
1.060 -0.992 -0.791 1.702 -1.199 -1.692 -1.435 -0.622 1.262 0.389 1.148 -0.651 -1.938 -0.457 1
0.057 1.308 0.420 0.464 -0.004 -0.310 1.236 0.470 0.221 1.375 -0.609 -0.250 -0.190 0.114 1
0.401 -1.259 -1.195 1.083 0.757 0.795 -1.209 -1.031 0.221 0.209 1.011 1.789 -0.963 -0.793 1
0.287 1.915 1.273 0.696 0.214 -1.047 1.773 1.335 1.782 1.196 0.080 0.478 0.179 1.358 1
0.373 1.037 0.689 0.774 -0.330 -0.402 0.880 0.607 0.221 0.478 0.218 0.078 0.381 0.753 1
0.258 0.299 0.914 -1.393 1.844 1.164 0.395 0.516 0.221 0.389 -1.677 2.008 -0.459 -0.356 1
0.115 -0.434 -0.208 0.774 0.322 0.150 -0.255 -0.076 0.481 0.030 0.907 0.515 0.280 0.215 1
0.201 -0.235 0.286 -1.780 0.866 0.335 -0.125 0.334 -0.169 -0.598 -1.952 0.660 -0.728 -0.860 1
0.057 1.041 0.420 -1.238 0.648 1.348 1.372 0.425 -1.470 0.120 -1.504 0.114 0.213 -0.020 1
-0.344 1.313 -0.926 -0.696 -0.112 0.887 1.326 -1.122 -1.210 -1.674 0.425 0.151 -0.190 -0.759 0
-0.745 -0.516 -0.701 -0.851 0.648 1.993 -0.610 -1.168 -1.860 -0.149 -0.402 0.515 -0.022 -1.263 0
-0.459 -0.817 -0.387 -0.774 -0.221 0.427 -0.469 -0.121 -0.949 -0.777 -0.230 -0.141 0.549 0.081 0
-0.917 -0.235 0.061 -0.387 -0.112 -0.402 -0.142 0.061 0.221 0.478 -0.299 -0.104 1.053 -0.087 0
-0.172 0.483 -1.060 0.000 -0.004 -0.126 0.214 -0.849 0.221 0.478 0.322 1.024 -0.258 -0.995 0
-0.946 -0.613 -0.432 0.464 -0.547 -1.139 -0.582 -0.622 1.132 -0.149 0.735 -0.396 0.818 -0.692 0
-0.545 0.139 -0.971 -0.696 -0.221 -0.863 0.141 -1.031 0.741 0.837 -0.815 0.515 -1.064 -1.835 0
-1.318 0.828 -0.253 -1.161 -1.199 -0.955 0.734 -0.121 -0.169 -2.122 0.115 -1.561 1.759 0.181 0
-1.032 -1.671 -0.342 1.083 -0.438 -0.771 -1.666 -0.303 0.871 0.747 1.011 -0.505 1.389 -0.087 0
-1.204 0.745 -0.881 -0.696 -0.004 -0.679 0.671 -1.031 1.132 -0.867 0.184 0.369 0.717 -1.532 0
-1.433 0.148 -1.060 0.000 -1.308 -0.494 -0.046 -0.940 -0.689 -0.149 0.804 -1.088 1.154 -0.524 0
-1.777 -0.220 -1.644 -1.083 -1.960 -1.324 -0.238 -1.259 -0.559 -1.584 0.080 -1.233 1.859 -1.465 0
-1.175 -0.065 -0.522 -0.155 0.540 0.427 -0.159 -0.940 0.091 0.927 -0.333 0.333 1.221 -1.297 0
1.661 -1.324 0.147 2.323 1.148 1.099 -1.383 -0.231 -0.262 0.610 2.184 1.158 -1.881 0.880 1
1.253 0.829 2.213 0.450 1.237 1.428 0.731 2.007 -1.210 1.724 -0.945 0.258 -0.374 2.041 1
1.144 1.086 1.561 0.579 -1.610 -1.754 1.202 2.293 1.444 -0.439 -0.074 -2.073 -0.437 1.539 1
1.444 -0.105 0.963 0.256 -0.454 -0.766 0.144 1.261 0.591 -0.046 -0.272 -0.987 -1.347 0.660 1
0.573 -0.332 -0.723 0.708 -1.521 -0.657 -0.202 -0.059 -0.546 -0.308 1.075 -1.411 -0.437 0.629 1
0.655 -0.309 0.201 2.064 0.792 0.221 0.065 0.400 0.496 1.659 0.837 0.946 -0.092 0.315 1
0.383 -0.251 -0.778 0.515 -0.898 -0.547 -0.344 -0.691 0.022 -0.374 1.154 -1.146 -0.908 -0.219 1
0.709 -0.799 0.691 -0.454 1.059 0.880 -0.184 0.457 -0.546 0.610 -1.064 0.920 -0.971 0.221 1
0.464 -1.324 0.799 0.450 0.169 0.715 -1.321 0.342 -0.926 -0.111 0.996 -0.192 0.410 1.256 1
0.954 -0.665 0.473 -1.423 2.126 0.770 -0.735 0.457 0.496 -0.505 -2.411 2.376 -1.881 -1.066 1
0.736 1.622 1.561 0.967 1.325 0.605 1.850 1.662 0.306 0.741 0.401 1.052 0.504 1.507 1
-0.189 -1.458 1.017 0.644 -0.276 -0.602 -1.419 0.342 0.780 1.724 0.005 0.152 -0.029 0.158 1
0.274 0.210 0.092 -0.454 0.080 0.221 0.509 -0.002 -0.736 1.331 -1.500 -0.007 -0.814 -0.438 1
0.546 0.969 0.256 0.192 -0.721 -1.041 0.926 0.342 1.159 0.544 0.124 -0.351 -1.033 0.001 1
0.247 0.164 -0.343 1.225 0.169 0.496 0.873 -0.117 -0.641 0.610 1.352 -0.139 0.441 0.629 1
0.872 -0.916 -0.397 -0.325 0.970 2.855 -1.081 -0.920 -3.200 1.200 -1.144 0.337 -1.661 -0.250 1
-0.080 0.333 0.256 -0.067 -0.009 0.112 0.686 0.113 -0.262 -0.111 0.124 -0.298 0.159 0.221 1
0.056 0.794 0.636 -0.454 0.881 0.825 0.313 0.515 -0.641 -0.439 -0.470 0.549 0.536 0.534 1
0.083 1.418 -0.343 -0.648 1.059 1.209 1.051 -0.346 -0.831 -1.226 0.322 1.185 0.190 0.315 0
-0.161 -0.005 0.038 -0.454 -0.276 -0.053 0.047 0.228 -0.452 -0.177 -0.114 -0.351 0.567 0.283 0
-0.461 1.278 -0.560 0.127 -1.165 -0.876 1.157 -0.174 0.306 -0.046 0.203 -0.722 0.567 -0.124 0
-1.413 -1.132 -1.050 -0.002 -1.165 -1.425 -1.223 -0.977 1.444 -0.308 0.639 -0.987 0.473 -1.097 0
-0.760 0.893 0.963 -2.585 0.881 0.880 0.660 0.687 -0.926 -2.340 -1.975 0.417 1.194 0.127 0
-0.597 -1.202 -0.669 0.192 0.347 -0.382 -1.152 -0.518 0.970 0.937 -0.470 0.893 0.033 -1.223 0
0.672 1.358 1.545 0.498 0.247 0.347 1.087 1.820 -0.562 1.114 -0.824 -0.037 0.158 1.629 1
0.444 -1.618 -0.705 -0.074 0.150 0.677 -1.647 -0.478 -0.780 -0.963 1.307 0.333 -0.174 0.298 1
0.501 -0.205 -0.311 0.417 -0.729 -0.246 -0.112 -0.422 -0.236 -0.963 1.396 -1.517 -0.537 0.208 1
0.189 -1.502 -0.311 0.253 0.052 0.413 -1.502 -0.254 -0.780 1.419 -0.558 -0.099 -0.568 -0.276 1
-0.209 -1.150 0.139 -0.482 0.931 0.611 -1.383 0.026 -0.127 0.747 -1.224 0.919 -0.144 -0.367 1
0.416 0.963 0.251 0.090 1.028 1.599 1.046 0.475 -1.215 -0.474 0.596 1.227 0.491 1.176 1
0.103 1.534 0.814 -2.197 -0.338 0.281 1.382 1.091 -1.215 -1.330 -1.268 -0.530 0.824 1.085 1
0.888 -0.521 0.715 0.981 0.802 0.850 -0.609 0.479 -0.400 1.448 0.075 0.470 -0.877 0.898 1
0.607 -1.283 -0.251 -0.009 -0.941 -0.443 -1.202 -0.317 -0.707 0.158 -0.317 -1.188 -1.042 -0.292 1
-0.152 -0.389 -0.962 0.057 -0.070 0.603 -0.149 -1.325 -1.014 1.855 -0.142 0.176 -1.538 -0.854 1
0.494 -1.046 -0.555 0.651 -0.331 -1.305 -1.034 -0.264 2.162 -0.045 0.598 0.443 -1.505 -0.887 1
-0.320 0.510 -0.352 -0.141 0.017 0.049 0.636 -0.317 0.010 0.023 0.337 0.416 0.082 0.072 1
-0.011 0.164 -1.216 0.585 -0.418 -0.320 0.325 -1.219 0.010 0.701 0.075 -0.279 -0.778 -1.316 1
-0.404 0.269 -0.352 1.508 -1.813 -1.613 0.434 -0.370 0.932 -0.045 2.340 -2.257 0.808 0.303 0
-0.320 0.133 1.019 -0.339 0.540 0.850 0.088 1.116 -0.912 -0.453 -0.578 0.015 1.866 1.195 0
-0.461 -0.027 0.257 -0.932 0.715 0.973 -0.036 0.002 -0.809 -0.181 -0.839 0.309 0.775 -0.028 0
-0.685 1.622 -0.505 -1.790 -0.331 -0.628 1.462 -0.370 0.318 -0.588 -2.015 0.256 -0.183 -1.184 0
-0.994 -0.062 -0.505 -0.009 0.540 -0.566 -0.288 -0.741 1.752 -0.113 0.163 1.058 0.841 -1.415 0
-0.741 0.557 0.410 -1.592 0.105 0.234 0.711 0.214 -0.502 -0.520 -1.449 0.095 1.238 -0.061 0
-1.472 -1.610 -1.368 0.651 -0.854 -0.320 -1.726 -1.484 -0.195 -0.113 1.948 -0.600 1.238 -0.688 0
-0.629 -0.342 -0.251 -0.141 -0.070 -0.320 -0.397 -0.476 0.523 -0.385 0.380 -0.145 0.775 -0.589 0
-0.854 3.081 0.664 -3.109 0.017 0.172 3.014 0.745 -0.707 -2.692 -2.059 -0.306 1.238 0.138 0
-1.079 -0.389 -1.013 0.057 -1.290 -1.367 -0.357 -1.007 0.830 -0.520 0.685 -1.214 0.577 -1.151 0
-0.159 -1.190 -0.365 0.304 0.689 -0.954 -1.054 -0.568 2.059 -0.651 0.883 1.508 -0.623 -1.055 0
-0.445 0.377 -1.053 -0.304 0.453 0.371 0.305 -0.906 -0.099 0.079 0.356 1.220 -0.206 -0.573 0
-0.761 -0.545 -0.177 -0.532 -0.492 0.106 -0.531 -0.095 -0.638 0.303 -0.697 -0.221 0.822 -0.059 0
-0.245 0.167 -0.365 -0.532 1.280 1.100 0.147 -0.162 -0.638 0.471 -1.272 1.292 0.533 -0.476 0
-0.962 1.685 0.198 -1.519 -0.492 -0.159 1.644 -0.027 -0.369 -0.090 -1.224 -0.509 0.790 0.005 0
-0.646 2.267 -0.177 -2.051 -1.201 -0.556 2.379 0.311 -0.369 -2.557 -0.458 -1.265 1.529 0.327 0
-1.248 -0.512 -0.865 -0.380 -2.619 -2.411 -0.539 -0.771 1.430 -0.034 -0.267 -2.453 0.405 -1.504 0
-1.363 0.001 -1.178 0.835 -0.610 -0.424 -0.064 -1.244 0.171 1.088 0.883 -0.149 0.951 -0.669 0
-1.048 0.780 -1.803 0.608 -0.965 -1.683 0.731 -1.582 1.789 1.032 0.308 -0.365 0.212 -1.793 0
-1.707 0.181 -1.178 -1.595 -0.020 -0.623 0.252 -1.650 0.710 -1.043 -0.745 0.643 1.015 -1.922 0
-1.507 -0.166 -1.240 -0.380 -0.728 -0.490 -0.344 -1.379 0.081 -0.482 0.500 -0.617 1.657 -0.958 0
-1.736 0.843 -0.552 -1.747 -1.319 -1.484 0.975 -0.162 0.890 -1.604 -0.650 -0.869 2.075 -0.830 0
-1.413 -0.577 -0.778 -0.713 -0.543 -0.711 -0.904 -0.633 0.780 -1.095 0.322 0.125 1.445 -0.532 0
-1.331 1.932 -0.832 -0.842 -1.521 -0.602 1.735 -0.977 -0.641 -1.554 0.599 -1.728 1.634 -0.187 0
-1.658 0.053 -1.321 -0.260 -0.898 -0.876 0.020 -1.264 0.875 -0.701 0.679 0.099 1.289 -1.097 0
-0.488 -1.738 -0.615 0.385 0.347 -0.602 -1.899 -0.576 1.538 0.151 0.164 0.523 0.128 -1.129 0
-1.086 0.782 -0.832 -0.713 -1.165 -1.095 0.393 -1.092 0.591 -1.029 0.085 -1.384 0.441 -1.097 0
-2.419 -0.227 -2.627 -1.681 -0.365 -0.327 -0.513 -2.527 0.022 -1.029 -0.827 0.787 1.853 -2.854 0
1.553 -0.729 0.139 2.295 0.540 0.347 -0.701 -0.030 0.199 1.175 1.351 0.734 -2.050 0.268 1
1.070 0.190 1.601 0.008 0.735 1.006 0.069 1.428 -0.997 0.808 -1.135 0.179 -0.568 1.266 1
1.582 -0.545 1.432 1.152 -0.631 -0.510 -0.587 1.764 -0.127 1.053 -0.647 -1.116 -1.021 1.297 1
1.070 -0.283 1.489 0.335 1.907 1.270 -0.500 1.316 -0.127 0.931 -1.046 1.844 -0.658 0.631 1
1.155 -0.480 0.195 1.070 0.247 1.072 -0.432 0.194 -1.215 -0.352 1.040 -0.037 -0.900 0.994 1
1.639 -0.850 1.151 -0.237 2.004 0.611 -0.918 1.091 0.743 0.686 -1.979 1.783 -1.959 -0.246 1
0.814 0.405 0.139 0.580 -0.924 -0.444 0.756 1.091 -0.453 -0.047 0.197 -0.993 -0.114 1.085 1
0.956 -0.579 1.264 1.478 -0.826 -1.169 -0.531 0.699 1.070 1.541 0.108 -0.746 -1.354 0.329 1
